    unsorted:	 156.7387438 454.5617667 1436.254316
      sorted:	 156.7387438 454.5617667 1436.254316
